00000000000000000000000000000000000000000000000000000000000000000000000000000000
00000000000000000000000000000000000000000000000000000000000000000000000000000000
00000000000000000000000000000000000000000000000000000000000000000000000000000000
00000000000000000000000000000000000000000000000000000000000000000000000000000000
00000000000000000000000000000000000000000000000000000000000000000000000000000000
00000000000000000000000000000000000000000000000000000000000000000000000000000000
00000000000000000000000000000000000100000000000000000000000000000000000000000000
00000000000000000000000000000000000000000000000000000000000000000000000000000000
00000000000000000000000000000000000000000000000000000000000000000000000000000000
00000000000000000000000000000000000000000000000000000000000000000000000000000000
00000000000000000000000000000011000000000000000001000000000000000000000000000000
00000000000000000000000000000010000000000000000000000000000000000000000000000000
00000000000000000000000000000110100001110000000000000000000000000000000000000000
00011000000000000000000000010000000000000000000000000000000000000000000000000000
00001000000000000000000000100000000000000011111100000000000000000000000000000000
00000000000000000000000001000000000000000011111110000000000000000000000000000000
00000000000000000000000010000000000000000001001111000000000000000000000000000000
00000000000000000000000000000000000000000001001111100000000000000000000000000000
00000000000000000000000100000100000000000011000111100000000000000000000000000000
00000000000000000000000000000100100000000000000111110000000000000000000000000000
00000000000000000000000000000001000000000000000011110000000000000000000000000000
00000000000000000000000000000000000000000000000011110000000000000000000000000000
00000000000000000000000000000000000000000000000001111000000000000000000000000000
00000000000000000000000000000000000000000000000000111000000000000000000000000000
00000000000000000000000000000000000010000000000000111000000000000000000000000001
00000000000000000000000000000000011000000000000000010000000000000000000000000001
00000000000000000000000000000000000000000000000000000000000000000000000000000001
00000000000000000000000000000000000000000000000000000000000000000000000000000000
00000000000000000000000000000000000000000000000000000000000000000000000000000000
00000000000000000000000000000000000000000000000000000000000000000000000000000000
00000000000000000000000000000000000000000000000000000000000000000000000000000000
00000000000000000000000000000000000000000000000000000000000000000000000000000001
00000000000000000000000000000000000000000000000001000000000000011100000000000001
00000000000000000000000000000000000000000000000001000000111111000000000000000001
00000000000000000000000000000000000000000000000000000001100000010000000000000000
00000000000000000000000000000000000000000000000000111000000000000100000000000000
00000000000000000000000000000000000000000000000000110000000000010000000000000000
00000000000000000000000000000000000000000000000001000000000000000000000100000000
00000000000000000000000000000000000000000000000001100000000000000000000000000000
00000000000000000000000000000000000000000000000011100000000000000000000000000000
00000000000000000000000000000000000000000000000011100000000000000000000000000000
00000000000000000000000000000000000000000000000011000000000000000000000000000000
00000000000000000000000000000000000000000000000011000000000000000000000000000000
00000000000000000000000000000000000000000000000000000000000000000000000000000000
00000000000010000000000000000000000000000000000000000000000000000000000000000000
00000000000100000000000000000000000000000000000000000000000000000000000000000000
00000010000000000000000000000000000000000000000000000000000000000000000000000000
00000000000110100000000000000000000000000000000000000000000000000000000000000000
00000000000000000000000000000000000000000000000000000000000000000000000000000000
00000000001010000000000000000000000000000000000000000000000000000000000000000000
00000000011000000000000000000000000000000000000000000000000000000000000000000000
00000000000000000000000000000000000000000000000000000000000000000000000000000000
00000000000000000000000000000000000000000000000000000000000000000000000000000000
00000000000000000000000000000000000000000000000000000000000000000000000000000000
00000000000000000000000000000000000000000000000000000000000000000000000000000000
00000000000000000000000000000000000000000000000000000000000000000000000000000000
00000000000000000000000000000000000000000000000000000000000000000000000000000000
00000000000000000000000000000000000000000000000000000000000000000000000000000000
00000000000000000000000000000000000000000000000000000000000000000000000000000000
00000000000000000000000000000000000000000000000000000000000000000000000000000000
00000000000000000000000000000000000000000000000000000000000000000000000000000000
00000000000000000000000000000000000000000000000000000000100000000000000000000000
00000000000000000000000000000000000000000000000000000000000000000000000000000000
00000000000000000000000000000000000000000000000000000000000000000000000000000000
00000000000000000000000000000000000000000000000000000000000000000000000000000000
00000000000000000000000000000000000000000000000000000000000001000000000000000000
00000000000000000000000000000000000000000000000000000000000000000000000000000000
00000000000000000000000000000000000000000000000000000011000000000000000000000000
00000000000000000000000000000000000000000000000000000001000000000000000000000000
00000000000000000000000000000000000000000000000000000000000000000000000000000000
00000000000000000000000000000000000000000000000000000000000000000000000000000000
00000000000000000000000000000000000000000000000000000000000000000000000000000000
00000000000000000000000000000000000000000000000000000000000000000000000000000000
00000000000000000000000000000000000000000000000000000000000000000000000000000000
00000000000000000000000000000000000000000000000000000000000000000000000000000000
00000000000000000000000000000000000000000000000000000000000000000000000000000000
00000000000000000000000000000000000000000000000000000000000000000000000000000000
00000000000000000000000000000000000000000000000000000000000000000000000000000000
00000000000000000000000000000000000000000000000000000000000000000000000000000000
00000000000000000000000000000000000000000000000000000000000000000000000000000000
