00000000000000000000000000000000000000000000000000000000000000000000000000000000
00000000000000000000000000000000000000000000000000000000000000000000000000000000
00000000000000000000000000000000001111110000000000000000000000000000000000000000
00000000000000000000000000000000111111111111110000000000000000000000000000000000
00000000000000000000000000000000111111111111111110000000000000000000000000000000
00000000000000000000000000000000011111111111111111100000000000000000000000000000
00000000000000000000000000000000011111111111111111111000000000000000000000000000
00000000000000000000000000000000011111111111111111111000000000000000000000000000
00000000000000000000000000000000000011111110001101101000000000000000000000000000
00000000000000000000000000001111100000011111011101000000000000000000000000000000
00000000000000000000000000111111100000111111111100100010010000000000000000000000
00000000000000000000000011111110000001111111111010101101100000000000000000000000
00000000000000000000000111111110100001111011111111101111110000000000000000000000
00000000000000000000001111111111000000011111111111111110000000000000000000000000
00000000000000000000001000110000000000001111111111011110100000000000000000000000
00000000000000000000001000000000000000011111111111100100000000000000000000000000
00000000000000000000000000000000000000011111111111110000000000000000000000000000
00000000000000000000000000000000000000011111111111111000100000000000000000000000
00000000000000000000000000000000000000001111111111111000000000000000000000000000
00000000000000000000000000000000000000000011111111111000000000000000000000000000
00000000000000000000000000000000000000000000011111110000000000000000000000000000
00000000000000000000000000000000000000000000001111110000000000000000000000000000
00000000000000000000000000000000000000000000001111100000000000000000000000000000
00000000000000000000000000000000000000000000001111100000000000000000000000000000
00000000000000000000000000000000000000000000000011100000000000000000000000000000
00000000000000000000000000011000000000000000000011100000000000000000000000000000
00000000000000011100000011100010000000000001000011100000000000000000000000000000
00000000000000010000000010100011000000000000000011000000000000000000000000000000
00000000000000000000000000000111000000100000000010011111111100000000000000000000
00000000000000000000000001000110001100110000001001111111111100000000000000000000
00000000000000000000001000000000000110110010000100000001111010100000000000000000
00000000000000000000001000000000000001100000000000000000000000110000000000000000
00000000000000000000000000000000000000010000000000000000000000100000000000000000
00000000000000000001100000000000000000001011100010000000000000000000000000000000
00000000000000000011110000000000000000000000110000000000000000000000000000000000
00000000000000000111000000000000000000000000110001000000011000000000000001110000
00000000000000000110000000000100000000000000000000000000000000000000000001111111
00000000000000000110000000000000000000000000000000000000000000000000000001111111
00000000000000000110000000001100010000000000000000000000000000000000000001111111
00000000000000000110000000000000000000100000000000000000000000000000000000111111
00000000000000000110000000000000000000100000000010000000000000000000000000111111
00000000000000001110010000000000000000000000000000000000000000000000000000111111
00000000000100001111011000000000000001000000000000000000000000000000000000111111
00000000000000001111011000000000000000000000000000000000000000000000000000011111
00000000000000001111011000000000000000000000000000000000000000000000000000011111
00000000000000001111011000000000000000000000000000000000000000000000000000111111
00000001000000000111011000000000000000000000000000000000000000000000000000111111
00000000000000000111000000000000000000000000000000000000000000000000000000001111
00000000000000001111100000000000000000000000000000000000000000000000000000001111
00000000000000011111100000000000000000000000000000000000000000000000000000011111
00000000000000011100110000000000000000000000000000000000000000000000000000011111
00000000000000000000001000000000000000000000000000000000000000000000000000001111
00000000000000000000000000000000000000000000000000000000000000000000000000001111
00000000000000000000000000000000000000000000000000000000000000000000000000111111
00000000000000000000000000000000000000000000000000000000000000000000000001111111
00000000000000000000000000000000000000000000000000000000100000000000000011111111
00000000000000000000000000000000011100000000000000000011100000000000001111110111
00000000000000000000000000000000000000000000000000001111100000000000011111111010
00000000000000000000000000000000000000000111100001111111000000000000011111111100
00000000000000000010000000000000000000000111100111111110000000000001111111111110
00000000000000000100100101111110000111110010001111111100000000000001111111111110
00000000000000000001111111111111111111100000011111111000000000000001111111111110
00000000000000000111111111111111111100000000111111110000000000000111111111100000
00000000000000011101111111111111110000000111111111100000000010001111111111100000
00000000000000001111111111110000000000111111111111000000000001111111111111100000
00000000000000000000000000000000000111111111111100000000001011111111111110111000
00000000000000000000000000000000011111111111100000000000011011111111111100000000
00000000000000000000000000000001111111111110000000000000010111111111111100000000
00000000000000000000000000000001111111111000000000000000000111111111110000000000
00000000000000000000000000000001111111100000000000000000000111111111100000000000
00000000000000000000000000000000111100000000000000000000000110011100000000000000
00000000000000000000000000000000000000000000000000000000000000000000000000000000
00000000000000000000000000000011000000000000000000000000000000000000000000000000
00000000000000000000000000000111100000000000000000000000000000000000000000000000
00000000000000000000000000000110000000000000000000000000000000000000000000000000
00000000000000000000000000000000000000000000000000000000000000000000000000000000
00000000000000000000000000000000000000000000000000000000000000000000000000000000
00000000000000000000000000000000000000000000000000000000000000000000000000000000
00000000000000000000000000000000000000000000000000000000000000000000000000000000
00000000000000000000000000000000000000000000000000000000000000000000000000000000
