00000000000000000000000000000000000000000000000000000000000000000000000000000000
00000000000000000000000000000000000000000000000000000000000000000000000000000000
00000000000000000000000000000000000000000000000000000000000000000000000000000000
00000000000000000000000000000000000000000000000000000000000000000000000000000000
00000000000000000000000000000000000000000000000000000000000000000000000000000000
00000000000000000000000000000000000000000000000000000000000000000000000000000000
00000000000000000000000000000000000000000000000000000000000000000000000000000000
00000000000000000000000000000000000000000000000000000000000000000000000000000000
00000000000000000000000000000000000000000000000000000000000000000000000000000000
00000000000000000000000000000000000000000000000000000000000000000000000000000000
00000000000000000000000000000000000000000000000000000000000000000000000000000000
00000000000000000000000000000000000000000000000000000000000000000000000000000000
00000000000000000000000100010000000000000000000000000000000000000000000000000000
00000000000000000000001111000000000000000000000000000000000000000000000000000000
00000000000000000000011111000000000000000000000000000000000000000000000000000000
00000000000000110000111111000000000000000000000000000000000000000000000000000000
00000000001100110011111111000000000000000000000000000010000000000000000000000000
00000000111111111111111111000000000000000000000000000000000000000000000000000000
00000001111111111111111111000000000000000000000000000000000000000000000000000000
00000011111111111111111111100000000000000000000000000000000000000000000000000000
00010011111111111111111111110000000000000000000000000000000000000000000000000000
00011111111111111111111111110000000000000000000000000000000000000000000000000000
00001111111111111111111111111000000000000000000000000000000000000000000000000000
00000111111111111111111111111100000000000000000000000000000000000000000000000000
00000001111111111111111111111110000000000000000000000000000000000000000000000000
00000000000111111111111111111111000000000000000000000000000000000000000000000000
00000000000011111111111111111111110000000000000000000000000000000000000000000000
00000000000111111111111111111111110000000000000000000000000000000000000000000000
00000000000111111111111111111111100000000000000000000000000000000000000000000000
00000000000001111111111111111111001000000000000000000000000000000000000000000000
00000000000000001111111111111100000000000011000000000000000000000000000000000000
00000000000000000000011110000000000001111111111100000000000000000000000000000000
00000000000000000000000000000001000011111111111111111111110000000000000000000000
00000000000000000000000000000000100111111111111111111111111100000000000000000000
00000000000000000000000000000000001111111111111111111111111110000000000000000000
00000000000000000000000000000000011111111111111111111111111111000000000000000000
00000000000000000000000000000001111111111111111111111111111111110000000000000000
00000000000000000000000000000011111111111111111111111111111111111110000000000000
00000000000000000000001111111111111111111111111111111111111111111111000000000000
00000000000000000001111111111111111111111111111111111111111111111111100000000000
00000000000000000111111111111111111110011111111111111111111111111111111000000000
00000000000000000011111111100111111111111111110111111111111111111111111110000000
00000000000000000011111111000111111101001111111001111111111111111111111111100000
00000000000000011111111110000111111001000001110000111111111111111111111111100000
00000000000000000111111100000111111000100000010000001111111111111111111111000000
00000000000000011111111000111111111000111111110000001110111111111111111111100000
00000000000000000111111001111111110000011111000000111000111111111111111111111000
00000000000000000011111001111111110000001100000001110000111111111111111111111000
00000000000000000011110000111110011000000001111111110001111111111111111111111000
00000000000000111111110000011111000011111111111111110001111111111111111111110000
00000000000000111111110000011111000001111111111111110011111111111111111111100000
00000000000000111111111000001111100001111111111111110011111111111111111110000000
00000000000000111111111100000111111001111111111111000111111111111111111111000000
00000000000000001111111111000001111110000001111110000111111111011111111110000000
00000000000000000111111111110000111111111000000000001111111111111111111000000000
00000000000000000001111111111111111111111111110000011111111111111111110000000000
00000000000000000000011111111111111111111111111000111111111111111111000000000000
00000000000000000000000111111111111111101111100001111111111111111100000000000000
00000000000000000000000000011111111000000000000111111111111111111000000000000000
00000000000000000000000000000100000000000000011111111111111001100000000000000000
00000000000000000000000000000001111111000111111111110110000000000000000000000000
00000000000000000000000000000111111111111111111111111000000000000000000000000000
00000000000000000000000000000111111111111111100001100000000000000000000000000000
00000000000000000000000000000011111111111111100000000000000000000000000000000000
00000000000000000000000000000000111111111111100000000000000000000000000000000000
00000000000000000000000000000000000111111000000000000000000000000000000000000000
00000000000000000000000000000000000000000000000000000000000000000000000000000000
00000000000000000000000000000000000000000000000000000000000000000000000000000000
00000000000000000000000000000000000000000000000000000000000000000000000000000000
00000000000000000000000000000000000000000000000000000000000000000000000000000000
00000000000000000000000000000000000000000000000000000000000000000000000000000000
00000000000000000000000000000000000000000000000000000000000000000000000000000000
00000000000000000000000000000000000000000000000000000000000000000000000000000000
00000000000000000000000000000000000000000000000000000000000000000000000000000000
00000000000000000000000000000000000000000000000000000000000000000000000000000000
00000000000000000000000000000000000000000000000000000000000000000000000000000000
00000000000000000000000000000000000000000000000000000000000000000000000000000000
00000000000000000000000000000000000000000000000000000000000000000000000000000000
00000000000000000000000000000000000000000000000000000000000000000000000000000000
00000000000000000000000000000000000000000000000000000000000000000000000000000000
